k=5
Matriz de Leslie
0.5 2.4 1.784 1.1 1.5 
0.555 0.0 0.0 0.0 0.0 
0.0 0.8111 0.0 0.0 0.0 
0.0 0.0 0.5 0.0 0.0 
0.0 0.0 0.0 0.4 0.0 

Numero total de individuos
(t, Nt)
(0, 123)
(1, 224,07)
(2, 285,96)
(3, 521,14)
(4, 850,7)
(5, 1421,25)

Crescimento da população
(t, delta_t)
(0, 1,82)
(1, 1)
(2, 1,82)
(3, 1,63)
(4, 1,67)
(5, 1,66)

Numero por classe (não normalizado)
(t,x1;x2;x3;x4;x5;)
(0;20;10;40;38;15;)
(1;169,66;11,1;8,11;20;15,2;)
(2;170,74;94,16;9;4,06;8;)
(3;343,88;94,76;76,37;4,5;1,62;)
(4;543;190,85;76,86;38,19;1,8;)
(5;911,37;301,37;154,8;38,43;15,27;)

Numero por classe (normalizado)
(t,x1,x2,x3,x4,x5,)
(0; 16,26;8,13;32,52;30,89;12,2;)
(1; 75,72;4,95;3,62;8,93;6,78;)
(2; 59,71;32,93;3,15;1,42;2,8;)
(3; 65,99;18,18;14,66;0,86;0,31;)
(4; 63,83;22,43;9,03;4,49;0,21;)
(5; 64,13;21,2;10,89;2,7;1,07;)



Maior valor próprio e vetor associado
Lambda=1,6629
vetor próprio=(64,22;21,43;10,45;3,14;0,76;)
