0 1730.0
1 2291.0
2 927.232
3 912.5633
4 544.7619199
5 404.31613976599994
6 275.85935094586
7 192.25884175387665
8 134.15578321869805
9 93.001074965771
10 64.84574815793638
11 45.04591444771463
12 31.35442518856053
13 21.804367062025047
14 15.168364483356076
15 10.5510320219536
16 7.339209823165055
17 5.10522957199926
18 3.5511654282378347
19 2.4702062522047665
20 1.7182720674330654
21 1.1952322379919975
22 0.0
23 0.0
24 0.0
25 0.0
26 0.0
27 0.0
28 0.0
29 0.0
30 0.0
31 0.0
32 0.0
33 0.0
34 0.0
35 0.0
36 0.0
37 0.0
38 0.0
39 0.0
40 0.0
41 0.0
42 0.0
43 0.0
44 0.0
45 0.0
46 0.0
47 0.0
48 0.0
49 0.0
50 0.0
51 0.0
52 0.0
53 0.0
54 0.0
55 0.0
56 0.0
57 0.0
58 0.0
59 0.0
60 0.0
61 0.0
62 0.0
63 0.0
64 0.0
65 0.0
66 0.0
67 0.0
68 0.0
69 0.0
70 0.0
71 0.0
72 0.0
73 0.0
74 0.0
75 0.0
76 0.0
77 0.0
78 0.0
79 0.0
80 0.0
81 0.0
82 0.0
83 0.0
84 0.0
85 0.0
86 0.0
87 0.0
88 0.0
89 0.0
90 0.0
91 0.0
92 0.0
93 0.0
94 0.0
95 0.0
96 0.0
97 0.0
98 0.0
99 0.0
100 0.0
