0 3.46
1 3.1
2 3.1000000000000005
3 3.1
4 3.1
5 3.1
6 3.1
7 3.1000000000000005
8 3.0999999999999996
9 3.1
10 3.1000000000000005
11 3.0999999999999996
12 3.1
13 3.0999999999999996
14 3.1000000000000005
15 3.1
16 3.1
17 3.0999999999999996
18 3.1000000000000005
19 3.1
20 3.0999999999999996
21 3.1000000000000005
22 3.0999999999999996
23 3.1
24 3.1
25 3.1000000000000005
26 3.1
27 3.1
28 3.1
29 3.1
30 3.0999999999999996
31 3.1
32 3.1
33 3.1000000000000005
34 3.1
35 3.1
36 3.0999999999999996
37 3.1000000000000005
38 3.0999999999999996
39 3.0999999999999996
40 3.1000000000000005
41 3.1
42 3.1
43 3.1000000000000005
44 3.1
45 3.0999999999999996
46 3.1
47 3.1000000000000005
48 3.0999999999999996
49 3.1000000000000005
50 3.1
51 3.1
52 3.1
53 3.1
54 3.0999999999999996
55 3.1
56 3.1000000000000005
57 3.1
58 3.0999999999999996
59 3.0999999999999996
60 3.1000000000000005
61 3.1
62 3.0999999999999996
63 3.100000000000001
64 3.0999999999999996
65 3.1
66 3.1000000000000005
67 3.1
68 3.1
69 3.1000000000000005
70 3.1
71 3.0999999999999996
72 3.1000000000000005
73 3.1
74 3.0999999999999996
75 3.1000000000000005
76 3.1000000000000005
77 3.1
78 3.1
79 3.0999999999999996
80 3.1
81 3.1
82 3.1
83 3.0999999999999996
84 3.1
85 3.1
86 3.1000000000000005
87 3.0999999999999996
88 3.1000000000000005
89 3.0999999999999996
90 3.1
91 3.1
92 3.1
93 3.1000000000000005
94 3.0999999999999996
95 3.1000000000000005
96 3.099999999999999
97 3.1
98 3.1000000000000005
99 3.0999999999999996
100 3.1000000000000005
101 3.1
102 3.0999999999999996
103 3.1000000000000005
104 3.1
105 3.0999999999999996
106 3.1
107 3.1
108 3.1000000000000005
109 3.0999999999999996
110 3.1
111 3.1
112 3.1
113 3.1
114 3.0999999999999996
115 3.1000000000000005
116 3.0999999999999996
117 3.1
118 3.1
119 3.1
120 3.1
121 3.1
122 3.1
123 3.1
124 3.0999999999999996
125 3.1
126 3.1000000000000005
127 3.1
128 3.0999999999999996
129 3.1
130 3.1000000000000005
131 3.1
132 3.0999999999999996
133 3.1
134 3.1
135 3.0999999999999996
136 3.0999999999999996
137 3.1
138 3.1000000000000005
139 3.1
140 3.1
141 3.1000000000000005
142 3.1
143 3.1000000000000005
144 3.1
145 3.0999999999999996
146 3.1000000000000005
147 3.1
148 3.1000000000000005
149 3.0999999999999996
150 3.0999999999999996
151 3.1
152 3.0999999999999996
153 3.1
154 3.1
155 3.1000000000000005
156 3.0999999999999996
157 3.1
158 3.1
159 3.0999999999999996
160 3.1
161 3.1000000000000005
162 3.0999999999999996
163 3.1000000000000005
164 3.0999999999999996
165 3.1
166 3.1
167 3.1
168 3.1
169 3.1
170 3.1000000000000005
171 3.1
172 3.1000000000000005
173 3.100000000000001
174 3.1
175 3.0999999999999996
176 3.0999999999999996
177 3.1
178 3.1
179 3.0999999999999996
180 3.1
181 3.1000000000000005
182 3.0999999999999996
183 3.1
184 3.1000000000000005
185 3.1000000000000005
186 3.1
187 3.1
188 3.1000000000000005
189 3.1
190 3.1
191 3.1
192 3.1000000000000005
193 3.1
194 3.1
195 3.1000000000000005
196 3.1
197 3.1
198 3.1
199 3.1
