k=100
Matriz de Leslie
0.0 3.5 1.5 0.39 3.4 
0.4 0.0 0.0 0.0 0.0 
0.0 0.6 0.0 0.0 0.0 
0.0 0.0 0.5 0.0 0.0 
0.0 0.0 0.0 0.45 0.0 

Numero total de individuos
(t, Nt)
(0, 1010)
(1, 1438,4)
(2, 1764,96)
(3, 2510,41)
(4, 3178,6)
(5, 4402,71)
(6, 5700,48)
(7, 7749,62)
(8, 10175,31)
(9, 13691,28)
(10, 18110,42)
(11, 24240,19)
(12, 32182,49)
(13, 42964,96)
(14, 57143,24)
(15, 76196,16)
(16, 101424,56)
(17, 135165,66)
(18, 179987,68)
(19, 239802,24)
(20, 319378,67)
(21, 425466)
(22, 566698,78)
(23, 754897,21)
(24, 1005520,67)
(25, 1339417,38)
(26, 1784128,99)
(27, 2376546,86)
(28, 3165628,34)
(29, 4216750,37)
(30, 5616850,81)
(31, 7481865,2)
(32, 9966106,68)
(33, 13275230,85)
(34, 17683084,81)
(35, 23554526,7)
(36, 31375486,09)
(37, 41793305,9)
(38, 55670210,89)
(39, 74154769,47)
(40, 98776869,22)
(41, 131574419,14)
(42, 175261950,75)
(43, 233455353,65)
(44, 310971095,09)
(45, 414224913,38)
(46, 551762783,1)
(47, 734968277,68)
(48, 979004715,33)
(49, 1304070209,67)
(50, 1737069373,78)
(51, 2313840153,43)
(52, 3082119995,23)
(53, 4105496940,91)
(54, 5468672585,75)
(55, 7284472571,77)
(56, 9703184786,72)
(57, 12924998219,31)
(58, 17216571942,61)
(59, 22933105633,35)
(60, 30547738290,81)
(61, 40690708429,54)
(62, 54201516875,11)
(63, 72198409538,35)
(64, 96170931006,09)
(65, 128103209333,43)
(66, 170638175899,75)
(67, 227296312293,65)
(68, 302767029182)
(69, 403296793664,54)
(70, 537206129146,25)
(71, 715578278146,42)
(72, 953176526426,81)
(73, 1269666112398,95)
(74, 1691241855291,1)
(75, 2252796215600,69)
(76, 3000807231175,62)
(77, 3997185354058)
(78, 5324397578326,19)
(79, 7092292966425,98)
(80, 9447194500720,86)
(81, 12584009763407,56)
(82, 16762362806593,27)
(83, 22328082395239,52)
(84, 29741825135326,84)
(85, 39617202530968,73)
(86, 52771567623654)
(87, 70293664659461,59)
(88, 93633740928363,61)
(89, 124723579041057,05)
(90, 166136384326588,06)
(91, 221299760713456,44)
(92, 294779402418928,56)
(93, 392656981689979,75)
(94, 523033509141766,6)
(95, 696699828200537,2)
(96, 928029738307062,6)
(97, 1236169667798994,5)
(98, 1646623361848196)
(99, 2193362744947348,5)
(100, 2921639667205501,5)

Crescimento da população
(t, delta_t)
(0, 1,42)
(1, 1)
(2, 1,42)
(3, 1,27)
(4, 1,39)
(5, 1,29)
(6, 1,36)
(7, 1,31)
(8, 1,35)
(9, 1,32)
(10, 1,34)
(11, 1,33)
(12, 1,34)
(13, 1,33)
(14, 1,33)
(15, 1,33)
(16, 1,33)
(17, 1,33)
(18, 1,33)
(19, 1,33)
(20, 1,33)
(21, 1,33)
(22, 1,33)
(23, 1,33)
(24, 1,33)
(25, 1,33)
(26, 1,33)
(27, 1,33)
(28, 1,33)
(29, 1,33)
(30, 1,33)
(31, 1,33)
(32, 1,33)
(33, 1,33)
(34, 1,33)
(35, 1,33)
(36, 1,33)
(37, 1,33)
(38, 1,33)
(39, 1,33)
(40, 1,33)
(41, 1,33)
(42, 1,33)
(43, 1,33)
(44, 1,33)
(45, 1,33)
(46, 1,33)
(47, 1,33)
(48, 1,33)
(49, 1,33)
(50, 1,33)
(51, 1,33)
(52, 1,33)
(53, 1,33)
(54, 1,33)
(55, 1,33)
(56, 1,33)
(57, 1,33)
(58, 1,33)
(59, 1,33)
(60, 1,33)
(61, 1,33)
(62, 1,33)
(63, 1,33)
(64, 1,33)
(65, 1,33)
(66, 1,33)
(67, 1,33)
(68, 1,33)
(69, 1,33)
(70, 1,33)
(71, 1,33)
(72, 1,33)
(73, 1,33)
(74, 1,33)
(75, 1,33)
(76, 1,33)
(77, 1,33)
(78, 1,33)
(79, 1,33)
(80, 1,33)
(81, 1,33)
(82, 1,33)
(83, 1,33)
(84, 1,33)
(85, 1,33)
(86, 1,33)
(87, 1,33)
(88, 1,33)
(89, 1,33)
(90, 1,33)
(91, 1,33)
(92, 1,33)
(93, 1,33)
(94, 1,33)
(95, 1,33)
(96, 1,33)
(97, 1,33)
(98, 1,33)
(99, 1,33)
(100, 1,33)

Numero por classe (não normalizado)
(t,x1;x2;x3;x4;x5;)
(0;600;200;130;60;20;)
(1;986,4;240;120;65;27;)
(2;1137,15;394,56;144;60;29,25;)
(3;1719,81;454,86;236,74;72;27;)
(4;2066,99;687,92;272,92;118,37;32,4;)
(5;2973,43;826,8;412,75;136,46;53,27;)
(6;3747,24;1189,37;496,08;206,38;61,41;)
(7;5196,19;1498,9;713,62;248,04;92,87;)
(8;6729,07;2078,48;899,34;356,81;111,62;)
(9;9142,33;2691,63;1247,09;449,67;160,57;)
(10;12012,62;3656,93;1614,98;623,54;202,35;)
(11;16152,9;4805,05;2194,16;807,49;280,59;)
(12;21377,85;6461,16;2883,03;1097,08;363,37;)
(13;28601,93;8551,14;3876,7;1441,51;493,69;)
(14;37984,76;11440,77;5130,68;1938,35;648,68;)
(15;50700,2;15193,9;6864,46;2565,34;872,26;)
(16;67441,51;20280,08;9116,34;3432,23;1154,4;)
(17;89918,33;26976,6;12168,05;4558,17;1544,5;)
(18;119699,18;35967,33;16185,96;6084,02;2051,18;)
(19;159511,38;47879,67;21580,4;8092,98;2737,81;)
(20;212414,27;63804,55;28727,8;10790,2;3641,84;)
(21;282998,07;84965,71;38282,73;14363,9;4855,59;)
(22;376915,01;113199,23;50979,43;19141,37;6463,76;)
(23;502108,34;150766;67919,54;25489,71;8613,61;)
(24;668787,59;200843,34;90459,6;33959,77;11470,37;)
(25;890884,65;267515,04;120506;45229,8;15281,9;)
(26;1186659,7;356353,86;160509,02;60253;20353,41;)
(27;1580702,31;474663,88;213812,32;80254,51;27113,85;)
(28;2105528,4;632280,92;284798,33;106906,16;36114,53;)
(29;2804663,52;842211,36;379368,55;142399,16;48107,77;)
(30;3735894,69;1121865,41;505326,82;189684,28;64079,62;)
(31;4976366,75;1494357,87;673119,25;252663,41;85357,92;)
(32;6628687,1;1990546,7;896614,72;336559,62;113698,53;)
(33;8829668,8;2651474,84;1194328,02;448307,36;151451,83;)
(34;11761430,07;3531867,52;1590884,9;597164,01;201738,31;)
(35;15666667,9;4704572,03;2119120,51;795442,45;268723,8;)
(36;20868566,35;6266667,16;2822743,22;1059560,26;357949,1;)
(37;27797705,34;8347426,54;3760000,3;1411371,61;476802,12;)
(38;37027555,46;11119082,14;5008455,92;1880000,15;635117,22;)
(39;49322069,98;14811022,18;6671449,28;2504227,96;846000,07;)
(40;65698800,69;19728827,99;8886613,31;3335724,64;1126902,58;)
(41;87513219,33;26279520,28;11837296,8;4443306,65;1501076,09;)
(42;116570814,46;35005287,73;15767712,17;5918648,4;1999487,99;)
(43;155276607,37;46628325,78;21003172,64;7883856,08;2663391,78;)
(44;206834135,12;62110642,95;27976995,47;10501586,32;3547735,24;)
(45;275510661,99;82733654,05;37266385,77;13988497,73;4725713,84;)
(46;366990309,01;110204264,8;49640192,43;18633192,88;6294823,98;)
(47;488844562,19;146796123,6;66122558,88;24820096,21;8384936,8;)
(48;651158893,56;195537824,88;88077674,16;33061279,44;11169043,3;)
(49;867367544,49;260463557,42;117322694,93;44038837,08;14877575,75;)
(50;1155365397,38;346947017,8;156278134,45;58661347,46;19817476,69;)
(51;1538989110,22;462146158,95;208168210,68;78139067,23;26397606,36;)
(52;2049989970,18;615595644,09;277287695,37;104084105,34;35162580,25;)
(53;2730661871,3;819995988,07;369357386,45;138643847,69;46837847,4;)
(54;3637341819,7;1092264748,52;491997592,84;184678693,23;62389731,46;)
(55;4845072786,4;1454936727,88;655358849,11;245998796,42;83105411,95;)
(56;6453814752,49;1938029114,56;872962036,73;327679424,56;110699458,39;)
(57;8596718090,16;2581525901;1162817468,74;436481018,36;147455741,05;)
(58;11451143973,32;3438687236,06;1548915540,6;581408734,37;196416458,26;)
(59;15253344001,62;4580457589,33;2063212341,64;774457770,3;261633930,47;)
(60;20318013969,11;6101337600,65;2748274553,6;1031606170,82;348505996,63;)
(61;27064340227,84;8127205587,64;3660802560,39;1374137276,8;464222776,87;)
(62;36050694376,64;10825736091,14;4876323352,59;1830401280,19;618361774,56;)
(63;48020847880,63;14420277750,66;6495441654,68;2438161676,29;823680576,09;)
(64;63965531621,77;19208339152,25;8652166650,39;3247720827,34;1097172754,33;)
(65;85204435495,87;25586212648,71;11525003491,35;4326083325,2;1461474372,3;)
(66;113495434870,16;34081774198,35;15351727589,22;5762501745,68;1946737496,34;)
(67;151180084246,41;45398173948,06;20449064519,01;7675863794,61;2593125785,55;)
(68;201377420147,52;60472033698,57;27238904368,84;10224532259,5;3454138707,58;)
(69;268242113685,2;80550968059,01;36283220219,14;13619452184,42;4601039516,78;)
(70;357308339244,2;107296845474,08;48330580835,4;18141610109,57;6128753482,99;)
(71;475947820197,28;142923335697,68;64378107284,45;24165290417,7;8163724549,31;)
(72;633979962599,1;190379128078,91;85754001418,61;32189053642,22;10874380687,97;)
(73;844484575663,66;253591985039,64;114227476847,35;42877000709,3;14485074139;)
(74;1124884445258,99;337793830265,46;152155191023,78;57113738423,67;19294650319,19;)
(75;1498387361535,27;449953778103,6;202676298159,28;76077595511,89;25701182290,65;)
(76;1995906952639,37;599354944614,11;269972266862,16;101338149079,64;34234917980,35;)
(77;2658621305716,87;798362781055,75;359612966768,46;134986133431,08;45602167085,84;)
(78;3541381143977,78;1063448522286,75;479017668633,45;179806483384,23;60743760043,99;)
(79;4717249643623,19;1416552457591,11;638069113372,05;239508834316,72;80912917522,9;)
(80;6283549636588,36;1886899857449,28;849931474554,67;319034556686,02;107778975442,53;)
(81;8369918706516,6;2513419854635,34;1132139914469,57;424965737277,33;143565550508,71;)
(82;11149038872195,83;3347967482606,64;1508051912781,21;566069957234,78;191234581774,8;)
(83;14850928919650,94;4459615548878,33;2008780489563,98;754025956390,6;254731480755,65;)
(84;19781982312981,7;5940371567860,38;2675769329327;1004390244781,99;339311680375,77;)
(85;26350326390244,42;7912792925192,68;3564222940716,23;1337884664663,5;451975610151,9;)
(86;35099601742983,94;10540130556097,77;4747675755115,61;1782111470358,11;602048099098,58;)
(87;46753957589390,41;14039840697193,57;6324078333658,66;2373837877557,8;801950161661,15;)
(88;62277987262560,96;18701583035756,17;8423904418316,15;3162039166829,33;1068227044901,01;)
(89;82956564480347,69;24911194905024,38;11220949821453,7;4211952209158,07;1422917625073,2;)
(90;110501188186586,4;33182625792139,07;14946716943014,63;5610474910726,85;1895378494121,13;)
(91;147191637782204,03;44200475274634,56;19909575475283,45;7473358471507,32;2524713709827,08;)
(92;196064663091446,12;58876655112881,61;26520285164780,75;9954787737641,72;3363011312178,29;)
(93;261165326321343,22;78425865236578,44;35325993067728,98;13260142582390,37;4479654481938,78;)
(94;347881798775342,06;104466130528537,31;47055519141947,07;17662996533864,49;5967064162075,67;)
(95;463391322362065,5;139152719510136,86;62679678317122,38;23527759570973,54;7948348440239,02;)
(96;617254246690654,9;185356528944826,22;83491631706082,12;31339839158561,19;10587491806938,09;)
(97;822205308281443,4;246901698676261,94;111213917366895,75;41745815853041,06;14102927621352,54;)
(98;1095207643512544,9;328882123312577,3;148141019205757,2;55606958683447,88;18785617133868,48;)
(99;1458856772544354;438083057405018,06;197329273987546,47;74070509602878,6;25023131407551,55;)
(100;1943250757429680,5;583542709017741,5;262849834443010,88;98664636993773,23;33331729321295,38;)

Numero por classe (normalizado)
(t,x1,x2,x3,x4,x5,)
(0; 59,41;19,8;12,87;5,94;1,98;)
(1; 68,58;16,69;8,34;4,52;1,88;)
(2; 64,43;22,36;8,16;3,4;1,66;)
(3; 68,51;18,12;9,43;2,87;1,08;)
(4; 65,03;21,64;8,59;3,72;1,02;)
(5; 67,54;18,78;9,38;3,1;1,21;)
(6; 65,74;20,86;8,7;3,62;1,08;)
(7; 67,05;19,34;9,21;3,2;1,2;)
(8; 66,13;20,43;8,84;3,51;1,1;)
(9; 66,77;19,66;9,11;3,28;1,17;)
(10; 66,33;20,19;8,92;3,44;1,12;)
(11; 66,64;19,82;9,05;3,33;1,16;)
(12; 66,43;20,08;8,96;3,41;1,13;)
(13; 66,57;19,9;9,02;3,36;1,15;)
(14; 66,47;20,02;8,98;3,39;1,14;)
(15; 66,54;19,94;9,01;3,37;1,14;)
(16; 66,49;20;8,99;3,38;1,14;)
(17; 66,52;19,96;9;3,37;1,14;)
(18; 66,5;19,98;8,99;3,38;1,14;)
(19; 66,52;19,97;9;3,37;1,14;)
(20; 66,51;19,98;8,99;3,38;1,14;)
(21; 66,51;19,97;9;3,38;1,14;)
(22; 66,51;19,98;9;3,38;1,14;)
(23; 66,51;19,97;9;3,38;1,14;)
(24; 66,51;19,97;9;3,38;1,14;)
(25; 66,51;19,97;9;3,38;1,14;)
(26; 66,51;19,97;9;3,38;1,14;)
(27; 66,51;19,97;9;3,38;1,14;)
(28; 66,51;19,97;9;3,38;1,14;)
(29; 66,51;19,97;9;3,38;1,14;)
(30; 66,51;19,97;9;3,38;1,14;)
(31; 66,51;19,97;9;3,38;1,14;)
(32; 66,51;19,97;9;3,38;1,14;)
(33; 66,51;19,97;9;3,38;1,14;)
(34; 66,51;19,97;9;3,38;1,14;)
(35; 66,51;19,97;9;3,38;1,14;)
(36; 66,51;19,97;9;3,38;1,14;)
(37; 66,51;19,97;9;3,38;1,14;)
(38; 66,51;19,97;9;3,38;1,14;)
(39; 66,51;19,97;9;3,38;1,14;)
(40; 66,51;19,97;9;3,38;1,14;)
(41; 66,51;19,97;9;3,38;1,14;)
(42; 66,51;19,97;9;3,38;1,14;)
(43; 66,51;19,97;9;3,38;1,14;)
(44; 66,51;19,97;9;3,38;1,14;)
(45; 66,51;19,97;9;3,38;1,14;)
(46; 66,51;19,97;9;3,38;1,14;)
(47; 66,51;19,97;9;3,38;1,14;)
(48; 66,51;19,97;9;3,38;1,14;)
(49; 66,51;19,97;9;3,38;1,14;)
(50; 66,51;19,97;9;3,38;1,14;)
(51; 66,51;19,97;9;3,38;1,14;)
(52; 66,51;19,97;9;3,38;1,14;)
(53; 66,51;19,97;9;3,38;1,14;)
(54; 66,51;19,97;9;3,38;1,14;)
(55; 66,51;19,97;9;3,38;1,14;)
(56; 66,51;19,97;9;3,38;1,14;)
(57; 66,51;19,97;9;3,38;1,14;)
(58; 66,51;19,97;9;3,38;1,14;)
(59; 66,51;19,97;9;3,38;1,14;)
(60; 66,51;19,97;9;3,38;1,14;)
(61; 66,51;19,97;9;3,38;1,14;)
(62; 66,51;19,97;9;3,38;1,14;)
(63; 66,51;19,97;9;3,38;1,14;)
(64; 66,51;19,97;9;3,38;1,14;)
(65; 66,51;19,97;9;3,38;1,14;)
(66; 66,51;19,97;9;3,38;1,14;)
(67; 66,51;19,97;9;3,38;1,14;)
(68; 66,51;19,97;9;3,38;1,14;)
(69; 66,51;19,97;9;3,38;1,14;)
(70; 66,51;19,97;9;3,38;1,14;)
(71; 66,51;19,97;9;3,38;1,14;)
(72; 66,51;19,97;9;3,38;1,14;)
(73; 66,51;19,97;9;3,38;1,14;)
(74; 66,51;19,97;9;3,38;1,14;)
(75; 66,51;19,97;9;3,38;1,14;)
(76; 66,51;19,97;9;3,38;1,14;)
(77; 66,51;19,97;9;3,38;1,14;)
(78; 66,51;19,97;9;3,38;1,14;)
(79; 66,51;19,97;9;3,38;1,14;)
(80; 66,51;19,97;9;3,38;1,14;)
(81; 66,51;19,97;9;3,38;1,14;)
(82; 66,51;19,97;9;3,38;1,14;)
(83; 66,51;19,97;9;3,38;1,14;)
(84; 66,51;19,97;9;3,38;1,14;)
(85; 66,51;19,97;9;3,38;1,14;)
(86; 66,51;19,97;9;3,38;1,14;)
(87; 66,51;19,97;9;3,38;1,14;)
(88; 66,51;19,97;9;3,38;1,14;)
(89; 66,51;19,97;9;3,38;1,14;)
(90; 66,51;19,97;9;3,38;1,14;)
(91; 66,51;19,97;9;3,38;1,14;)
(92; 66,51;19,97;9;3,38;1,14;)
(93; 66,51;19,97;9;3,38;1,14;)
(94; 66,51;19,97;9;3,38;1,14;)
(95; 66,51;19,97;9;3,38;1,14;)
(96; 66,51;19,97;9;3,38;1,14;)
(97; 66,51;19,97;9;3,38;1,14;)
(98; 66,51;19,97;9;3,38;1,14;)
(99; 66,51;19,97;9;3,38;1,14;)
(100; 66,51;19,97;9;3,38;1,14;)



Maior valor próprio e vetor associado
Lambda=1,332
vetor próprio=(66,51;19,97;9;3,38;1,14;)
