0 1010.0
1 1438.4
2 1764.96
3 2510.406
4 3178.6020000000003
5 4402.70712
6 5700.479328
7 7749.620344800001
8 10175.314737600002
9 13691.279061215999
10 18110.4234165504
11 24240.194227995842
12 32182.488270233283
13 42964.9639950406
14 57143.24015193891
15 76196.16019948968
16 101424.56336223605
17 135165.6558953663
18 179987.67740754696
19 239802.2402531499
20 319378.66907087655
21 425466.0027503365
22 566698.7809154235
23 754897.2071318597
24 1005520.6672947096
25 1339417.3836842848
26 1784128.989831867
27 2376546.8628539373
28 3165628.338349758
29 4216750.372406718
30 5616850.812685645
31 7481865.198890014
32 9966106.682081074
33 1.3275230851362502E7
34 1.768308481292147E7
35 2.3554526697973825E7
36 3.137548608781816E7
37 4.179330590048894E7
38 5.5670210887770884E7
39 7.415476947341661E7
40 9.877686921771315E7
41 1.3157441914424706E8
42 1.7526195074810585E8
43 2.3345535365067327E8
44 3.109710950939854E8
45 4.142249133845836E8
46 5.51762783095717E8
47 7.349682776804556E8
48 9.790047153331162E8
49 1.30407020967275E9
50 1.7370693737776158E9
