0 1.4241584158415843
1 1.2270300333704116
2 1.4223585803644274
3 1.266170491944331
4 1.385108019185793
5 1.2947668724327954
6 1.3594681953734822
7 1.3130081584483868
8 1.3455386309205497
9 1.3227707459307247
10 1.3384664549501195
11 1.3276497691204392
12 1.335041704490588
13 1.329996230382851
14 1.3334238660056852
15 1.331098090726563
16 1.3326718046852668
17 1.3316080643064983
18 1.33232587756641
19 1.3318418907751692
20 1.3321678745424197
21 1.331948445356661
22 1.3320960491787677
23 1.3319968040616592
24 1.3320635042618303
25 1.332018690786535
26 1.3320487904172773
27 1.3320285780303243
28 1.332042148259549
29 1.3320330388634831
30 1.332039152970244
31 1.3320350497038644
32 1.332037803210675
33 1.3320359556012216
34 1.332037195272736
35 1.3320363635460821
36 1.3320369215479853
37 1.3320365472002442
38 1.3320367983320545
39 1.3320366298640196
40 1.3320367428759576
41 1.3320366670664416
42 1.3320367179194845
43 1.3320366838076516
44 1.3320367066893841
45 1.332036691340768
46 1.3320367016362484
47 1.3320366947303284
48 1.3320366993626043
49 1.33203669625543
